[
15136648829051.617,
117460.64252725874,
107285.23097391859,
102164.8310401543,
100925.33299072318,
96209.51940208586,
108507.30842071965,
93535.19142067198,
93502.35375373487,
103662.82574900922,
312305238256.86975,
112600297100.57587,
38529765593.32353,
43789302004.68162,
9115659280.876244,
14029443313.854069,
10443342446.711456,
8545198696.263301,
6208685465.875313,
5095269763.907376,
4022282172.849845,
3142127986.2191906,
2255103484.987195,
1723378268.9915507,
1072031189.7028552,
666126855.904919,
469395330.3699748,
384994912.0102419,
232825145.09556338,
221176203.62667537,
180844482.91059908,
242455916.51738653,
189343109.7676822,
179888128.09716615,
189894679.68601984,
816827261495.2324,
671419079.5732147,
436612179.1569017,
333431342.44615936,
160633656.52999198,
121189323.45622495,
97863963.32539442,
80791984.33989891,
82737044.02872317,
84830308.58439806,
74579018.15739064,
82028148.45858596,
78274730.85138658,
66014467.183301665,
69657153.20241344,
69157391.09750038,
59999217.535608456,
57474008.88467232,
44590591.493126385,
38345152.60754575,
30866210.55721776,
24453183.738258094,
16463082.336433606,
13760445.879368674,
10093312.817104407,
9518030.761731816,
7578565.130937999,
6790764.242957323,
6562505.175122811,
5605086.221919189,
68149359.50860757,
3853129.247529049,
3168275.719538682,
3691925.270464578,
2877886.66971063,
2736880.038406233,
2608515.240352576,
2414991.7200754867,
4125307.045048617,
2992349.4290568386,
2366456.662883819,
2097523.1608612766,
1739321.1593026628,
1482387.9698887796,
1418312.7729064869,
1164227.3865349218,
1054724.568732668,
1158052.8077512959,
1054168.2698020542,
948975.3300278569,
953667.4487081614,
904431.6074297661,
844734.9526725265,
772520.185343538,
729435.604812749,
714176.4063467985,
647987.0678078234,
618108.7122916408,
589752.772008814,
580489.7975352608,
547951.0769936575,
533415.5893874398,
489490.11062630505,
1521194.9466293124,
637154.0295025981,
554377.3153085513
]