[
118534634.95664993,
29302.78046759714,
17087.67990030908,
11876.990885205563,
8980.605008897699,
7198.908920122946,
5609.359662149686,
4615.895332606153,
3901.508886776035,
3230.8578670323745,
24021.19745697219,
18222.14826796747,
16005.854769487076,
14510.117065651782,
13423.296355492632,
12801.745875957995,
11884.774485544063,
11385.385842935942,
10477.959577320886,
9805.981048788904,
9445.218679521146,
8788.91075989212,
8183.180163896505,
7783.75760351162,
7091.685705673379,
6421.829376521402,
5902.182467763731,
5323.4472783319015,
4880.7720031538465,
4452.464333314506,
4050.602078196669,
3659.6690653051087,
3335.378869163771,
3095.6287257826684,
2837.8817555995934,
2619.9856044315343,
2449.798382188468,
2345.6803594255202,
2210.8574652131106,
2088.324615772308,
2003.3756489090056,
1962.9325710653022,
1863.456889621831,
1786.790761281378,
1758.7090387270232,
1716.729202219831,
1686.2624196049226,
1651.6517901351172,
1630.6486662758903,
1617.7666386130225,
1591.6311846794324,
1559.5992971342396,
1535.9409513200158,
1530.341359683543,
1518.201983700168,
1513.3420747323255,
1493.4557331620767,
1507.3547219894253,
1475.5363317380186,
1469.4834403434759,
1472.3636179755752,
1457.006175318,
1455.14152069458,
1449.7267114008541,
1452.2432357536122,
1442.1942214440421,
1444.0795274705579,
1430.79124323584,
1434.2355958024054,
1430.4326776211233,
1447.2750440817824,
1414.7007813282453,
1424.2105151966323,
1417.59808862723,
1419.9616399611907,
1414.9104119831393,
1421.9803117607205,
1411.303195082023,
1403.745790917696,
1428.7228953744657,
1413.720177338872,
1411.6286750280897,
1406.9832383691548,
1414.7793720750685,
1403.2092364506127,
1405.2443222333197,
1405.5706300903262,
1405.7346730934787,
1407.7627816635966,
1401.6090544217789,
1403.1342345424196,
1406.6266016864895,
1413.8904093218987,
1395.7730088455708,
1408.184973379834,
1386.8755034977653,
1405.272047335549,
1405.8492304038707,
1409.5189256174262,
1402.9901759703598,
1396.132710015381
]