[
14306434696.11612,
157092.3875424634,
124640.87815873523,
105883.85993675391,
89359.89457884221,
75449.82851985515,
66137.9651736205,
59662.02665953794,
53938.095419476515,
47956.69525473004,
42974.02306674451,
38846.281058964196,
35462.4575247457,
31875.83853029568,
29863.7131676432,
26781.628499333452,
24238.043608411495,
22089.166510162715,
20218.357005658625,
18291.233740316755,
16812.28823121033,
15288.223919123642,
14330.405632035225,
12890.994414106399,
12041.108070221731,
10702.389737477895,
10025.118123762684,
9156.77875611836,
8476.543263972944,
7648.846202569356,
7209.523538493988,
6746.968837158042,
6247.553676876697,
5834.280646029973,
5251.152604938876,
4957.7672692641545,
4730.38912375771,
4436.123236479806,
4100.707768303674,
3877.67047030028,
3639.6424810777753,
3505.3247314829005,
3353.5463715121614,
3103.2312658302135,
2976.259522300743,
2837.2651278248486,
2696.8641123854372,
2585.047759009179,
2480.853901814026,
2409.0465100150464,
2320.102133825428,
2262.0677600886393,
2188.8550429107977,
2124.0988380503745,
2049.8683815621557,
2031.9095516290604,
1976.6491541074436,
1933.0272713758227,
1911.2377072457923,
1863.0468589203094,
1842.5525594710768,
1809.4062922815299,
1796.0855583160342,
1767.3869601869098,
1731.9682539352286,
1727.6076387899132,
1697.9042862031338,
1675.9885313914224,
1660.778347656933,
1639.7476787381038,
1647.1644282835312,
1620.0352439253468,
1608.5549820105546,
1602.099355317245,
1580.7945838103908,
1590.349229874321,
1570.1477144417358,
1542.801003843552,
1542.6788293622237,
1522.4390558248547,
1512.385033256052,
1494.9535840198434,
1491.058785678988,
1463.9552417037717,
1446.22787640028,
1439.5766162306397,
1431.8869959551125,
1416.7302853748595,
1405.7777157120656,
1400.8851375460672,
1393.4699313296765,
1383.767924290555,
1375.9604331167936,
1374.172103834298,
1358.3392191269352,
1357.2061466472576,
1353.9403255305458,
1340.0479155057667,
1337.2923235553876,
1336.9469232076503,
1326.3031287330173,
1309.5855257145554,
1315.1884880735174,
1304.7592970618866,
1303.9302155708117,
1296.107920971483,
1294.1518837642234,
1289.3488008518127,
1286.3751639643056,
1279.0183659077088,
1275.9563652563872,
1269.5297473141452,
1269.0554810897224,
1261.8508119675535,
1258.4806063252302,
1259.027183337203,
1255.764709276969,
1251.8377238224018,
1244.7438876007157,
1240.1025394493493,
1246.0368072480942,
1234.6043381395784,
1232.1287978545602,
1228.6603710757759,
1233.661790572304,
1220.8220623430852,
1220.6575541329917,
1221.6624487710649,
1214.6427257094401,
1211.2755315657946,
1212.616456560019,
1203.6316685602094,
1207.9224970042837,
1207.4570962494386,
1198.7102215318198,
1208.6703870153121,
1199.8589912020357,
1204.5210572199996,
1200.808351080181,
1192.7069697195466,
1196.2178539473975,
1195.6464599333694,
1193.138085281361,
1190.2501651764612,
1182.5307856624481,
1189.8642190122805,
1186.8117395454337,
1180.4748173871055,
1185.6887109367256,
1177.6060570246377,
1183.584060334957,
1177.9748775062644,
1184.1252318712734,
1174.8125408589583,
1180.000518524706,
1182.6807048551746,
1179.3833063246445,
1183.618736399222,
1174.4783769118098,
1177.366626074235,
1170.5392564345452,
1177.649625389425,
1167.101108960747,
1163.2317441000746,
1180.9337392363448,
1168.2889874653968,
1169.2789884203137,
1176.7107464133405,
1168.8424470081995,
1170.6505425490323,
1162.7317380404036,
1165.5220499872664,
1161.8257948619,
1164.7939561718815,
1166.9859439710885,
1162.9003995241228,
1159.8824028346532,
1164.4802087758915,
1167.3678203730135,
1164.9712621616538,
1166.8389826472328,
1167.6790667182563,
1154.5558068697615,
1165.3480200492627,
1160.1281400796777,
1156.5641232040487,
1171.9227146806184,
1159.709261324046,
1161.6623420933545,
1164.7438144526893,
1162.4050282532733,
1158.5661796916809,
1153.2422215328857,
1157.6241821630556,
1156.0698697082198,
1159.413186619395,
1157.8506938981657,
1162.0170959876796,
1160.066579851752,
1151.017124586536,
1154.3805287204414
]