[
4250821952120.3203,
465632869.1037236,
218323255.96096683,
141164483.3350273,
82851314.21986769,
104876467.18464027,
40076426.84991227,
20185604.829835087,
11406822.14628747,
6533486.212331546,
4059461.073823717,
2216477.6931363465,
25210488.268739104,
8234521.759714228,
4758858.298614854,
2652037.4388045436,
1555414.160621789,
941122.9660710901,
590465.2840206715,
392394.9035344522,
256934.07955006493,
509991.4850482472,
200563.8107240949,
139259.3903239228,
96474.01923501196,
73695.46299769107,
53290.4762532339,
39641.47980592067,
29298.716427644085,
23190.74537792677,
18245.708981709715,
15261.17338178667,
12825.982372266719,
11413.471749713308,
10764.390651413103,
9068.744660746053,
8577.758695968552,
8032.795682194085,
7485.536054924341,
7473.768016406285,
7297.3565500536215,
7177.044474784006,
6835.80467185395,
6819.74045074531,
6887.057858108776
]