[
400121.12221759564,
742.8702403062435,
584.3278232706458,
597.942194741541,
479.9138974445732,
553.999807944563,
404.9657539868206,
328.4809661369859,
259.68547827064856,
216.93556094246128,
173.82550790130207,
146.45709840794518,
426.9596025868393,
270.4900933427365,
207.44501948180195,
161.36584767161114,
122.5189237766979,
99.59194415016928,
81.13552813098335,
67.74714635972128,
55.99741470386795,
79.00534684755246,
53.023855193827785,
42.87887688127532,
35.411418812248954,
30.057289416264673,
25.758281337346848,
21.328948290707412,
18.221965071762078,
15.62738746148363,
13.292994952524905,
11.463163775901588,
10.377536130535175,
9.182380788724473,
8.384433788427824,
7.812638701491297,
7.239669851296396,
6.865882358294574,
6.585123576323019,
6.27717017227315,
6.0451754713481085,
5.8617073330454454,
5.690275135168258,
5.514638082941634,
5.399758913400213
]