[
386693910352.98804,
105706.24254324072,
8309.677758780237,
1861.3938480443712,
733.9280584829235,
466.54679676084174,
422.7838316443998,
346.9378673614989,
157.4226035453142,
141.87914518083483,
121.206803622337,
112.85548547026397,
109.58805275163013,
105.94847901418954,
92.10643614170299,
92.11568160991078,
91.23537890121376,
91.33323477014237,
93.09802681431573,
91.890489162041,
90.70775577462076,
91.5156372014847,
89.9119883474478,
90.57681117202145,
91.94795715551403,
88.56136331516207,
90.92281126503167,
91.24249738579962,
92.61818249072766,
90.48630255398965,
89.87484981419526,
90.5307635163295,
89.43007485961795,
88.49042105280148,
89.9578101133879,
90.83215311613449,
88.94114165625933,
89.01019508588057,
89.26486263540262,
89.33888375215714,
88.35910234731288,
88.60432090502928,
88.93244085799027,
87.93960705497605,
88.30110878127228,
90.79025541091049,
86.6353774748672,
89.12240321654485,
88.45933686119832,
88.40570800888841,
89.18510796156025,
88.38912652107388,
87.47554940052466,
87.57982837044084,
88.22719756382159,
87.46665006353076,
88.38496413506789,
88.10528688485248,
87.48450883764575,
86.61106079691554,
87.84000863148407,
87.2750812356089,
86.53115116649344,
87.0033267158237,
87.31778582753977,
86.61123707077792,
86.473083369857,
85.84372445845061,
86.03785981106567,
85.97129429374756,
85.50029764443035,
85.03069613883564,
84.6816194177303,
83.73414402509631,
83.87030259608794,
83.03546939326063,
83.29485771057774,
82.02514233509933,
80.97257595659364,
80.2251218935291,
79.17889806743732,
79.35036058621239,
78.19473803815505,
78.99309155477292,
76.28233270795997,
75.69606559580748,
74.9565221839347,
74.36531787140697,
74.11138411864323,
73.30167972467555,
72.43174372254452,
71.72795637982134,
71.62243939480227,
72.70573358934328,
70.60016191710316,
69.85828924332507,
69.09025646540468,
68.80365008687737,
68.8807778063204,
68.02725726413624,
68.31831441285912,
67.16124484705136,
65.92441456878635,
65.68129582856307,
66.81057520869425,
66.21890159420106,
65.99499116242531,
64.38169695677495,
65.28239895492186,
63.91975595047424,
64.0077180708241,
62.66150317223486,
63.02110520544852,
62.25975462744178,
62.80116586104616,
61.861813105393196,
61.935931692522175,
61.093343719343835,
61.655072887749924,
62.63725501231244,
62.409635365245634,
61.05991698275902,
61.247382374103054,
60.9975916072171,
60.766086443685744,
60.9120259686439,
60.42826028199435,
61.06504776392396,
59.75169368409581,
59.71027153353758,
59.9466001778183,
59.456194950850865,
59.06239631108117,
59.74482084278536,
59.58492911006975,
58.44830807381355,
59.02223494555162,
59.60919207278045,
59.12973622879859,
58.377456756755,
58.576497266129515,
62.36283054690524,
58.57214476525901,
58.70265893416553,
59.06724565549862,
59.51731614173888,
57.429428478432115,
58.212797809853605,
57.90317463049074,
57.67054360937762,
57.87875743639951,
57.363085510734166,
57.141601725064646,
56.99702220035997,
57.14418700694805,
57.71742918205199,
57.45164568866666,
56.79853980198723,
57.324372784613075,
57.13427327929891,
57.42205148899321,
56.913213361896844,
56.65897584671589,
56.753561809458404,
57.25312478202213,
56.42127631740759,
56.12340018045317,
56.28577894930552,
57.13967464174211,
56.480055654374276,
56.4357866842631,
56.520522571869044,
55.74709721322033,
55.4686245637243,
56.58636844268366,
56.84982159675591,
56.20429445437627,
82.89808077295694,
78.6729023248715,
74.93005400833727,
73.73397196848217,
68.64990439819834,
65.41322764464618,
63.341336008271796,
61.74833370294064,
60.86978711153525,
59.79729813448448,
59.65586245228171,
58.85299501193997,
58.78243321171201,
57.79152533484274,
57.45686861864612,
57.02736273286202,
56.60586038451807,
56.61293344557451,
56.41487310649555,
56.272622000107916,
56.43814242521737,
55.981170940642784,
56.43349281667441,
56.86780726492786,
56.27306413938183,
56.220746045946264,
55.4650042026581,
56.25415849775558,
56.254292646256225,
55.45636987874275,
55.741916292028264,
54.79671353834528,
56.217381601427704,
55.13785464760967,
54.64732101135583,
55.10932358870926,
55.948074358924465,
54.91313218988769,
55.181643699221546,
54.42387910501129,
54.77504759072853,
55.388418351291605,
54.95203895669181,
55.1498323480128,
54.50080890360425,
55.38085491186487,
55.090079563385714,
54.519318397327815,
54.55399571088624,
54.05521191122746,
54.14296244906496,
54.582368081373474,
55.12344180405255,
53.80058877839197,
55.304216350955954,
54.3642672112258,
53.91581163959653,
54.35547954490683,
53.78151465750915,
53.71501026653458,
54.00055451914431,
53.29760437153516,
53.74813082717472,
54.10156192222689,
53.6912828304374,
53.91700546372973,
53.50283867376513,
53.14885577073265,
53.45919053189629,
53.36236526086061,
53.15554925617669,
53.08392268718882,
54.517722063585246,
53.77824902764141,
53.30239874013301,
53.33544894831272,
53.08629952334812,
52.83916807873709,
52.49095797051048,
53.211125596732266,
53.042663986103406,
52.67604567863899,
53.51946762019322,
53.30557388291211,
52.90724048200895,
53.46528774640288,
52.82596879466247,
52.0093482999973,
52.691192423043375,
52.03469570633908,
56.82934328230237,
52.41711660857098,
52.0593031768899,
52.625666743766075,
51.414224755877996,
52.06236454649206,
52.505573279240394,
52.04004163069439,
52.715061120762655,
52.331668454878894,
51.961123907949684,
51.618330682092505,
51.69995081607949,
52.16293521490422,
51.987353560237985,
54.396162378700595,
53.9325598528622,
53.421910201588005,
53.59694171383812,
52.51803125478859,
52.385428985889405,
53.21360620417214,
52.93713906663784,
51.94552547099172,
54.069910543243346,
52.40776172174188,
52.286790757632744,
53.06585902909825,
52.41047842680085,
97.40438981826719,
89.11919673143032,
87.15945674391041,
86.99332833506351,
84.12746366490171,
80.54989218889588,
77.7961818967427,
74.86784718291865,
68.90212214871383,
67.2620674846277,
65.53865217236108,
63.793635793569514,
62.50141799165263,
62.507249177408866,
62.40358825695796,
60.510265883199466,
60.6048483363861,
61.468072915977814,
60.5936429529611,
60.32225774654138,
60.74192805211709,
59.53671443966327,
59.82087986402715,
59.19318001133469,
59.314702364067756,
59.42465641526021,
59.568381956397616,
59.16136361886236,
59.084942467832306,
59.311791868564384,
58.87052188416861,
58.28599940652792,
58.590216869799825,
58.4039031470448,
58.320028351360804,
57.886721115879126,
58.17092488954016,
57.51343567528566,
58.40507664985504,
57.506641622432426,
57.249977199502005,
57.152405971501345,
57.168891462193116,
56.44019265936126,
56.709622385816765,
56.10341901960784,
56.29561894927752,
56.53609474460392,
56.25497808205582,
56.6213987806582,
56.22305746542987,
56.709107934067234,
56.36922596269946,
56.289772983627856,
56.0725298532755,
56.93343798423534,
85.57274492173477,
68.65162242916027,
65.14358654283598,
64.01363652234215,
62.702733628669904,
61.71204156273157,
60.66729987072452,
60.91888354286796,
60.06133918236412,
59.652697150122755,
60.264868025109536,
59.097983068511134,
59.18441502071299,
58.55486995882402,
58.56053122641889,
58.95808836378494,
58.022665602282586,
58.37732571387077,
58.26213850193162,
57.809812565391624,
57.63662264630871,
57.63119060850925,
56.894512269477964,
57.77059841190413,
57.9867864620876,
56.55509894701468,
56.23164521772933,
56.34490601060698,
57.019068358305205,
56.96167657618466,
57.07580862845068,
56.54098033893121,
56.23500813517895,
56.30415651457167,
56.751960461339706,
56.2274946866469,
55.75935547987615,
55.694311253041604,
55.762077771718566,
55.29984939775021,
55.297791181382976,
56.100080193627704,
55.990789410234,
54.74207070607941,
55.2680400206145,
54.50348064062685,
54.88668671041787,
53.50595133603224,
54.308554384970684
]