[
1.9419321994939838e+24,
4351383773821.1113,
391702426276.3884,
286442535682.99915,
262661202993.28363,
66412980188.492386,
728847353368.7266,
23320892806.83378,
24586143193.98206,
31576772181.331413,
152823814671.89203,
10223166857.841476,
12098868189.21896,
4564204271.061813,
6794332997.017948,
2578391233.807498,
8704220060.823011,
7570835323.028093,
3960417454.3056645,
445335684.52521914,
442440901.72164404,
272449446.0782288,
588433690.3136431,
356010005.5670308,
276722543.0534193,
69518537.5832513,
156232225.46303755,
39717065.21037683,
283458827.9900579,
62352865.3852853,
19471933.36141785,
30226214.53875454,
174877371.436024,
21146064.29314431,
32630822.424086478,
13034052.11896959,
7867660.939084789,
19411866.441655856,
12443601.017489966,
6533978.086422515,
1313322.8224457086,
1316593.7629428597,
590304.3506669009,
845286.6441078242,
2672994.6698486996,
392809.28857418615,
204267.361075857,
211119870.9877488,
420077.4162248983,
54328.95201310815,
31669.183742199268,
156258.82225502445,
158845.98863637948,
20514.356340674218,
37305.012471179434,
7341.134447696781,
7805.440176008119,
11769.912432366438,
9008.231935476064,
12120.71611649213,
10199.306708673834,
44133.16336841155,
4956.60655742877,
18918.103777917688,
2286.0400495728004,
4476.360401934866,
2352.0571539721072,
1527.1240354289919,
2856.078742429697,
1469.2079110544507,
1359.3339570363344,
1286.7072803593528,
2686.5241604385606,
1196.6914485194386,
1091.2027968559323,
1028.4322989447187,
1018.2608828415333,
952.2193685931401,
920.0854837522071,
822.3721251197628,
751.0031688323655,
684.2409156751006,
599.499011413449,
475.3381136334951,
353.4016650638532,
306.7729476416855,
283.33555907534645,
270.75241118737546,
260.53923222657454,
255.4900371637573,
248.21609334500872,
244.16448161864176,
242.36656847448023,
236.92309437949734,
234.0924236659291,
232.97242648339918,
229.72505023993833,
228.62372234471965,
226.93137929488745,
226.70862061405,
224.44775634272122
]