[
946122104221.596,
268468.8373488108,
196052.85907796715,
116953.40717262925,
51159.156193902694,
64120.13201491171,
44397.603543728954,
39383.76663941152,
30217.0858413859,
24894.039843192524,
28936.333853302247,
11821.767783543875,
18413.46691946822,
21329.853370130913,
13786.574597691337,
9121.50775278519,
8508.982347837147,
8870.907117655035,
4642.584736297548,
10604.272313913118,
7708.887239807726,
3408.325904439809,
3731.190492148655,
2590.7711089119425,
2484.6002034696585,
3058.517009369657,
2981.680757643932,
1973.9605222913967,
962.5255404105633,
1022.9824505011547,
1418.6462384733513,
1430.3519411748052,
1655.8680527694942,
1097.6212902985715,
649.9149861817436,
544.3748173131212,
508.9177844122394,
441.09111957052426,
544.4449970586334,
210.63073482995594,
407.9334543433654,
221.84425325624244,
130.2551982301504,
159.80429582072,
1649.9592979955903,
117.35727513319382,
257.8337433413077,
63.491099101317054,
48.49746551886483,
163.49924004922943,
58.587116682520275,
62.05428968386317,
27.451083932414083,
32.88605910395307,
16.260951817356492,
22.038614219018672,
20.145373519499437,
19.158228422520992,
12.06225895454254,
20.18472185748429,
43.39534309175076,
10.497176926245356,
15.18765054803329,
13.965730576389578,
6.421109831615715,
6.405142899541979,
7.6056548918202065,
5.088047251293229,
4.818348206184476,
4.495862698244542,
3.923949404538005,
1.8315928798899719,
3.8895929233461732,
1.5892981323655877,
1.3648893868786705,
1.4384773371970005,
1.3330117622775022,
1.1271290003412322,
1.0401764464953056,
1.1795060739949115,
1.0011765938202037,
1.0060355253727309,
1.0141743468928106,
0.9821078096736682,
0.9829540601201262,
0.9836905181118866,
0.9869072424901134,
0.978539503691754,
0.984679644250254,
0.9823884451405297,
0.982193000197858,
0.9888747887261414,
0.9845532081942151,
0.9787201600209007,
0.9851574646322253,
0.9914510459209673,
0.9852966662715051,
0.9778387310272947,
0.9838971714270185,
0.9857258863301593,
0.9913285352107314
]