[
6603.179499388061,
11811.02531435734,
8178.6081480579405,
6843.341041122252,
6509.349117004612,
6226.234153536713,
5993.085684919961,
5802.183040466406,
5618.0373779651245,
9487.171055631983,
6186.06229616791,
5534.675494844845,
5353.60680345073,
5166.213651057785,
5009.796747909721,
4826.883624318092,
4786.443983313526,
4632.98374361598,
4550.142256840537,
4469.84909954783,
4445.306686029949,
4418.382760450184,
4296.177638675955,
4233.484823320636,
4233.37440534967,
4221.157967565545,
4136.156683027151,
4176.367012721167,
4090.740336643227,
4091.4286813597723,
4090.510073934583,
4070.4616710120654,
4038.0427682205263,
4034.557460136722,
4026.4697160793894,
4008.604845168225,
4009.6560456904795,
3958.749054189625,
3966.2312012876414,
3990.6046007455934,
3962.5332652700117,
3980.571446954106,
3940.10453588266,
3913.9899739875464,
3931.9209249676187,
3888.0791902326478,
3892.4354773305013,
3897.5073347054968,
3984.7054241111755,
3913.7839575412327,
3905.862143071643,
3894.364527286623,
3888.9371770846556,
3879.1746256367614,
3898.036611056225,
3869.083255309745,
3865.945414952347,
3851.685064645904,
3879.5169284724493,
3857.688262257247,
3871.227232238864,
3898.054080143955,
3842.2440905646217,
3835.3899968224027,
3854.999482989999,
3835.2277121248767,
3848.6111266008947,
3829.0072983452988,
3865.1077191048244,
3849.6986745061026,
3840.9462855784345,
3810.2258211518338,
3829.237687626328,
3836.166044130499,
3832.89306978478,
3832.105749126552,
3819.9883945339257,
3847.074602432902,
3844.6688817918457,
3809.075676264021,
3825.8083322887123,
3813.1940225984126,
3809.427588995307,
3808.417660950083,
3820.1644216816235,
3812.783406661466,
3868.3419609754233,
3817.0146949611076,
3826.334116738374,
3797.738602083885,
3808.2044990159984,
3840.0734269762725,
3794.46823268222,
3823.0449953676716,
3779.6271637320983,
3813.2265795652274,
3787.1475578374625,
3812.3657506311247,
3837.738103382707,
3783.946133241812,
3798.290330832363,
3790.129612152833,
3803.3886945875247,
3790.068654808898,
3788.3804915852247,
3789.3017877700368,
3786.2308703656695,
3795.97529327443,
3784.040139049965,
3792.7408087225085,
3803.547782978496,
3805.5725875179887,
3775.7434447368555,
3782.654788502297,
3780.751571822085,
3782.3628232334386,
3786.7313559169897,
3770.569174663577,
3774.0228297546714,
3791.3065071783
]