[
5.059270979822569,
10.448572495185584,
7.099274473956843,
6.02182777786572,
5.393573888294272,
4.970022177425696,
4.667368065911747,
4.535980200051765,
4.267654644036003,
7.866303820256151,
5.036012447054397,
4.306053206373674,
4.026861948400284,
3.863224122892283,
3.6892057648979533,
3.5062041261382255,
3.2942065273544006,
3.132678452342472,
2.9885261136029433,
2.844359159005403,
2.7487642593799353,
2.5933978581121475,
2.553194804930916,
2.1899148649238644,
2.0915358926709056,
2.0823391351882314,
2.0455705142263465,
1.9426243751582,
1.9045381587542878,
1.8305932170691122,
1.7868004893453435,
1.7458349133222228,
1.7102506032173626,
1.6925404799124935,
1.6543462181141255,
1.6570873817673193,
1.5989151260027787,
1.5643422268258056,
1.5679202064846534,
1.5032375480991198,
1.4946606689711663,
1.5160693186710035,
1.4710692405874886,
1.4522217873233394,
1.4321317189376406,
1.4178053499057734,
1.4187118206035874,
1.3675433040930978,
1.7483159970791815,
1.464653169026572,
1.3995747444237034,
1.3636274152238657,
1.363108504477901,
1.3675416309906343,
1.3448674373056082,
1.368446240557241,
1.331126189463016,
1.3238717749548299,
1.3112838917706826,
1.3111679378246857,
1.2979063727980753,
1.2896388122460447,
1.2879119057388895,
1.2828157509132794,
1.2645287509872734,
1.2742276781773574,
1.2458758140735788,
1.2456713929993455,
1.2339210279558532,
1.238475527716443,
1.2462254344888783,
1.235135331854917,
1.2241048466848674,
1.2301596824661607,
1.22424431238369,
1.23349173089068,
1.2136522711259599,
1.2158401022797578,
1.2111293761282722,
1.2295029223314833,
1.206384578492328,
1.2064223367083395,
1.2014122730585264,
1.1969281598999466,
1.200988611651761,
1.2025264793276471,
1.1939177803604228,
1.193822385533412,
1.2004174462422037,
1.183298730488062,
1.1953283779492188,
1.1879924971474607,
1.18983297953797,
1.1855404511573673,
1.1843062859813505,
1.180489381245196,
1.1828492483798154,
1.183723058106556,
1.192685488301756,
1.1785677757834117,
1.1798283345812464,
1.1826307917772736,
1.1646533242846313,
1.1666265200902917,
1.1693300185269777,
1.1863247015234035,
1.175179766481837,
1.1622179910076436,
1.1674623799255825,
1.1720448185243262,
1.1642099264194101,
1.1730188579331664,
1.158668827557265,
1.1728575939628938,
1.1583128369250986,
1.1611512745530541,
1.16481050966024,
1.1645211229190469,
1.1605554109622007,
1.1665898842202298
]