[
74543.18979422304,
46558.528808519746,
30891.67827973703,
22813.161091904618,
18413.925906867797,
15229.68506071408,
12602.151014141005,
11403.85356539826,
9421.61500598766,
11711.68562786603,
9031.555223383466,
8309.639651294046,
8037.236893067987,
7746.402528788249,
7095.851796054753,
6759.252581213601,
6324.339095927469,
5945.405440093558,
5577.772344022424,
5523.59989471408,
5212.847161601131,
5132.814084207761,
5629.321795164257,
5151.894534892758,
5106.281184497406,
4997.821378105671,
4884.664190696597,
4805.7576234124435,
4735.70657544816,
4661.910620773678,
4551.306856525444,
5248.741670224238,
4623.11572165935,
4511.5848248427255,
4377.992880077882,
4479.488195650525,
4435.4456188307595,
4423.3699982704975,
4311.3167936515865,
4220.632233043997,
4211.4722305420655,
5511.583069989437,
4264.30397180255,
4188.964233941249,
4160.850879591756,
4121.055256819157,
4140.238393479893,
4077.5897266438865,
4098.553966320237,
4040.392906835209,
4390.707235856087,
4102.681000129636,
4037.7770662927587,
4025.257011996807,
4031.8047720806435,
4009.6474068468797,
3989.279201310319,
3954.684124654759,
3958.1853973952257,
3963.0764495751537,
3957.034156599635,
3938.845937815936,
3929.3785201488645,
3904.144921747067,
3930.289282759708,
3908.364872539853,
3871.9077686804644,
3867.6933472430155,
3865.116606341789,
3833.1603466514184,
3846.7334044233144,
3838.544983598583,
3832.0290313414357,
3844.22138608402,
3797.370191510076,
3824.030703066455,
3823.9051487868846,
3806.789565733318,
3795.6549292954187,
3804.6930398337076,
3777.947062255606,
3773.4392219102856,
3783.0079138160813,
3783.7224879103815,
3778.0377378138874,
3743.3592212438543,
3801.9766062989406,
3777.0766879828666,
3727.1215769343453,
3847.0207799140107,
3774.256773175487,
3769.2407593930084,
3729.8653970017854,
3786.2391196636436,
3736.156630460319,
3760.3506945739705,
3765.722364135404,
3738.196249374517,
3722.8805064233434,
3725.416068982501,
3716.6918413297612,
3694.9403542245927,
3696.798632081245,
3696.5470766598687,
3735.4650258665715,
3702.954215041889,
3703.076433317347,
3661.0627027987566,
3709.9908332313453,
3695.166001323083,
3694.0771717888665,
3697.7701899410704,
3645.880046047387,
3664.8471058678388,
3653.9446374812765,
3659.8689325936366,
3630.960971570334,
3691.9758291628627,
3656.213809477765,
3662.3324504520424,
3675.2865224525503
]