[
44.031485114828286,
23.29898966397001,
18.70660656766074,
15.652718897850926,
13.291977146302786,
11.311725781286746,
9.883835234667362,
8.783074022235061,
7.698782088650217,
9.062062955434738,
7.3283323436161805,
6.966517615272962,
6.732635136431668,
6.410090567122752,
5.922937712149731,
5.422552257214036,
5.131175316995374,
4.654055274058868,
4.396489514036237,
4.103074619749614,
3.9711563302563,
3.6219510572792135,
4.783347040879394,
4.0710746902968875,
3.767837110672378,
3.6051276356827344,
3.497110119881022,
3.406759490463065,
3.3251087399386683,
3.1450699742249255,
2.9998288742459414,
4.300414662259565,
3.264099526859435,
3.0580581447674784,
2.930001203798677,
2.8480160255804505,
2.797575217389146,
2.7493402012398747,
2.706790350459447,
2.5026752666191694,
2.402251421122084,
4.473683497462104,
2.7342319608165107,
2.4227071702342027,
2.2979756675759977,
2.3131530353467182,
2.2973370510074047,
2.253169153453194,
1.9147053162700958,
1.8439654700895969,
2.7448349308580604,
2.1217769426244666,
1.935888879105791,
1.8466765594363999,
1.8618228122513227,
1.8032977013410814,
1.8133031663544203,
1.710165900308307,
1.7445710320968073,
1.6662641762482826,
1.6571409366829672,
1.5602074406268491,
1.5810532372640385,
1.505918529703173,
1.473821558381877,
1.4510864188500598,
1.4806445934868646,
1.3661125940290486,
1.4149690190278335,
1.3336824725367484,
1.3076448275593229,
1.3080107770683944,
1.2992874739216682,
1.2978089543058162,
1.2927918113327517,
1.240873523738172,
1.2373323512906986,
1.2154428816836695,
1.2277716802812717,
1.233889390905498,
1.1896563757540655,
1.2024914558019442,
1.1809912809908627,
1.2008883425790855,
1.2040581007378386,
1.1751601137700178,
1.213958927277154,
1.1638852582867787,
1.5345564296321736,
1.5133762171136982,
1.2147309550299712,
1.0919013865964888,
1.0522646207795852,
1.0833928508433892,
1.0840806623905777,
1.0834568181258317,
1.1240000272929855,
1.0829846298054902,
1.0739598091625424,
1.0951934846796822,
1.080320549726083,
1.0674284275874841,
1.0678799188886456,
1.0760090044091795,
1.0942748232285948,
1.0773038856557937,
1.1142836805705976,
1.0907687185729662,
1.109837595663212,
1.1325186201969533,
1.1011467854811643,
1.1074494466876972,
1.0897452762881583,
1.085267011849304,
1.0904540387323263,
1.0802155382091685,
1.1104382759745126,
1.122892172922956,
1.1499046149349819,
1.13179773191703,
1.090371177334078
]